>Bertram Fleron
Voodoo
55
78
79
78
55
93
85
53
61
92
34
72
30
36
Deep Learning
97
80
84
83
90
36
51
35
36
70
76
51
Culinary Arts
60
84
93
81
34
97
74
50
77
74
48
56
30
87
89
97
62
56
Japanese Studies
40
64
74
79
76
63
79
52
71
80
39
64
48
62
52
Organizational Communication
30
56
62
76
66
53
46
69
40
33
84
64
77
56
31
>Jenna Anderson
Greek Philosophy
88
62
63
89
53
77
70
33
88
62
65
95
Micro Economics
41
77
95
50
38
87
41
47
52
68
Culinary Arts
87
47
62
32
36
40
32
72
85
98
82
86
81
44
97
Voodoo
90
47
38
47
69
74
57
53
36
83
92
Deep Learning
86
64
90
74
71
61
91
38
67
37
71
>Lotte Peschel
Micro Economics
68
52
75
51
31
71
36
53
41
46
38
85
68
33
Deep Learning
73
71
71
38
38
61
71
66
94
45
49
Algorithms and Data Structures
97
94
65
51
94
64
39
50
60
78
94
94
49
63
36
Greek Philosophy
93
90
62
71
50
49
93
30
38
82
59
47
67
Japanese Studies
30
53
55
92
76
46
56
32
80
99
42
76
89
51
>Kristian Amick
Voodoo
84
94
42
99
56
94
38
63
71
63
58
61
Culinary Arts
94
37
69
85
61
95
85
41
79
53
65
54
Sociology
79
76
32
62
63
60
88
83
82
74
70
87
47
42
30
Micro Economics
67
45
54
56
73
72
37
78
40
90
Behavioral Economics
89
72
37
57
40
41
55
83
88
56
68
77
32
82
84
67
81
>Pia Smith
Greek Philosophy
77
72
97
56
73
31
96
80
34
37
60
80
62
59
62
94
Voodoo
62
76
52
96
78
44
32
99
81
58
43
Macro Economics
88
50
99
55
91
90
75
86
48
93
89
70
73
56
41
62
80
Rhetorics
88
53
84
62
92
54
79
56
63
38
69
78
78
59
73
62
47
90
Algorithms and Data Structures
60
36
42
96
87
33
71
51
97
92
54
34
99
73
87
80
41
43
>Bob Nielsen
Greek Philosophy
46
70
93
43
32
32
67
53
39
59
58
Sociology
97
39
84
83
81
38
90
90
91
31
43
50
87
58
Voodoo
84
69
74
81
57
61
41
31
53
61
61
Macro Economics
68
74
99
33
74
37
49
56
84
99
95
58
Behavioral Economics
59
90
71
49
65
81
76
89
32
80
63
64
84
>Bertram Waters
Introductory Programming
37
47
58
89
85
68
58
58
76
90
Japanese Studies
54
74
44
36
57
92
32
31
60
79
63
92
55
87
80
88
54
98
Deep Learning
77
80
61
35
83
64
94
48
55
94
40
38
61
56
56
34
Culinary Arts
88
53
30
90
63
53
86
69
34
64
95
83
65
69
40
35
31
83
Macro Economics
80
55
32
69
37
82
58
48
58
35
52
52
78
37
61
75
62
Sociology
53
88
94
77
69
67
79
63
84
55
67
38
36
>Sarah Anderson
Micro Economics
65
76
70
38
37
55
56
55
36
31
42
53
42
94
54
Introductory Programming
58
94
54
54
98
74
88
93
45
55
40
87
96
71
62
76
57
99
58
Deep Learning
46
77
35
39
90
46
73
52
50
82
96
98
67
47
56
87
70
57
76
Organizational Communication
97
98
57
73
59
74
68
30
79
74
82
68
72
44
Greek Philosophy
50
48
31
66
93
71
82
85
82
41
85
40
51
Macro Economics
75
86
49
51
59
97
82
54
36
98
37
54
>Bob Schmurr
Algorithms and Data Structures
61
40
85
71
85
98
53
46
91
88
40
65
94
Rhetorics
67
69
84
96
86
42
55
30
30
88
78
59
52
64
36
70
Behavioral Economics
57
40
81
90
75
84
34
79
58
44
73
42
80
97
Micro Economics
43
70
42
31
82
43
57
83
51
81
57
94
93
Deep Learning
82
58
78
55
71
96
53
54
80
70
41
79
50
64
47
55
Culinary Arts
34
52
68
30
71
90
86
57
42
60
48
35
62
>Lisa Jenson
Sociology
62
61
45
73
85
63
81
87
84
69
90
96
48
30
77
46
59
49
Greek Philosophy
94
49
34
77
35
32
81
61
98
35
87
62
35
57
87
Organizational Communication
80
32
91
80
82
48
92
95
78
82
90
Voodoo
72
32
32
40
43
43
51
38
34
89
35
42
39
33
98
34
33
83
Japanese Studies
58
56
53
84
64
60
93
80
36
88
91
48
39
63
>Sarah Anderson
Japanese Studies
43
80
40
50
38
75
95
63
91
42
95
97
92
Sociology
37
95
71
46
63
68
40
44
90
79
72
Voodoo
76
98
48
32
77
86
49
63
66
44
56
49
35
73
44
43
49
90
70
Rhetorics
64
93
37
55
37
58
46
38
40
97
64
82
58
69
Organizational Communication
75
50
68
78
82
38
83
41
33
99
62
34
61
33
84
Greek Philosophy
86
55
72
99
64
39
30
80
48
40
51
85
97
40
39
51
>Jon Nielsen
Voodoo
42
96
40
84
79
68
64
92
73
69
53
87
71
63
53
57
73
41
69
Greek Philosophy
61
66
42
31
48
51
83
72
83
92
79
91
80
97
39
83
59
69
47
Behavioral Economics
58
61
36
51
70
63
87
44
97
74
68
44
88
79
36
87
51
Organizational Communication
66
55
79
88
34
95
54
64
40
37
80
46
96
41
37
79
Japanese Studies
82
64
58
74
39
54
83
46
53
71
87
83
73
58
53
61
95
Deep Learning
81
39
88
70
50
65
44
70
51
35
59
99
60
59
78
>Bob Nielsen
Deep Learning
56
89
80
64
58
51
78
44
38
91
57
36
42
64
76
Culinary Arts
90
88
48
74
85
73
97
58
86
95
Voodoo
76
83
87
79
58
89
91
98
48
70
81
91
75
Organizational Communication
65
35
85
84
84
58
71
47
74
90
74
86
37
80
46
Micro Economics
62
73
74
30
90
58
79
77
70
47
92
76
>Bob Nielsen
Sociology
54
53
41
53
36
79
49
44
96
36
33
Organizational Communication
31
49
34
79
49
98
95
88
61
87
51
95
51
48
53
73
54
Rhetorics
36
43
56
87
58
65
55
80
70
57
66
77
98
Behavioral Economics
30
39
71
91
79
44
51
71
68
68
71
81
84
44
44
71
49
Japanese Studies
44
75
91
35
71
59
34
33
33
69
65
92
74
73
>Pia Hult
Micro Economics
76
96
63
39
39
64
98
58
69
64
84
93
32
51
70
46
85
31
99
Algorithms and Data Structures
79
68
53
85
82
86
35
85
64
42
37
35
68
30
75
81
Rhetorics
53
75
97
51
40
67
62
54
48
39
43
40
73
Organizational Communication
32
71
81
86
89
37
70
95
39
83
96
65
Macro Economics
39
76
78
62
72
61
85
80
87
46
34
>Kristian Amick
Behavioral Economics
83
79
40
69
38
98
59
82
39
61
58
60
56
85
60
95
36
30
Voodoo
44
84
98
94
89
63
89
73
40
30
89
81
80
48
97
Micro Economics
96
67
52
69
31
78
92
45
70
65
53
85
92
85
50
97
76
53
61
Rhetorics
83
93
58
91
84
48
80
92
77
75
93
Deep Learning
57
54
32
38
90
32
43
48
83
31
88
67
68
43
31
88
31
66
78
Macro Economics
91
82
49
96
33
83
32
75
61
91
80
60
>Alice Fleron
Micro Economics
83
80
82
88
48
37
71
84
56
96
52
46
67
Introductory Programming
45
75
31
41
82
74
91
49
55
84
49
50
63
65
77
Rhetorics
49
41
99
91
40
49
51
31
96
69
67
Behavioral Economics
62
37
81
67
83
66
46
67
82
47
94
48
70
45
69
Macro Economics
34
87
39
67
70
47
44
37
75
67
64
94
58
>Jesper Hansen
Japanese Studies
81
51
71
63
59
53
85
71
61
80
93
75
50
Deep Learning
48
59
32
85
90
32
65
88
85
47
82
68
Culinary Arts
64
36
95
83
43
74
62
36
83
60
35
61
78
71
62
94
94
52
Sociology
56
53
87
40
84
81
52
33
93
48
80
37
54
67
72
70
85
77
90
Micro Economics
92
96
50
55
63
48
62
82
40
80
47
62
Voodoo
89
96
32
46
73
55
81
43
53
57
43
95
75
48
77
45
39
43
>Jesper Waters
Japanese Studies
49
70
75
93
36
70
50
61
72
74
61
84
Micro Economics
45
85
85
50
51
74
74
60
61
35
Rhetorics
83
39
72
69
72
57
79
55
89
99
75
71
61
85
95
53
74
63
80
Macro Economics
48
38
83
55
77
45
42
35
48
80
96
65
Introductory Programming
61
62
57
86
88
79
51
86
90
83
67
46
69
54
60
74
82
84
>Kristian Schmurr
Culinary Arts
65
36
91
68
64
54
58
77
74
89
40
90
36
52
34
92
74
47
69
Japanese Studies
55
30
72
42
96
84
79
46
58
71
69
38
92
57
73
92
40
78
33
Organizational Communication
62
86
44
96
91
72
46
58
99
62
70
Deep Learning
31
92
89
88
35
86
90
34
69
44
82
33
83
94
63
81
47
38
69
Introductory Programming
88
98
39
85
54
69
40
98
67
67
78
Sociology
74
67
60
53
70
43
56
94
33
83
73
30
30
55
31
35
44
38
